Ordenamiento por polifase 
4323,52244,4221,775,443,87,7778,54334,4825,3457,28475,3563,28676,2957,43,99,1010,17847,1344
4323,52244,775,4221,87,443,7778,54334,3457,4825,3563,28475,2957,28676,43,99,1010,17847,1344,
775,4221,4323,52244,87,443,7778,54334,3457,3563,4825,28475,43,99,2957,28676,1010,1344,17847,
87,443,775,4221,4323,7778,52244,54334,43,99,2957,3457,3563,4825,28475,28676,1010,1344,17847,
43,87,99,443,775,2957,3457,3563,4221,4323,4825,7778,28475,28676,52244,54334,1010,1344,17847,
43,87,99,443,775,1010,1344,2957,3457,3563,4221,4323,4825,7778,17847,28475,28676,52244,54334,
Ordenamiento por polifase 
395,850,491,555,6789,145,203,7890,10015,56,85,195,467,32,33,14,155,96
850,395,555,491,6789,145,7890,203,10015,56,195,85,467,32,33,14,155,96,
850,555,491,395,7890,6789,203,145,10015,195,85,56,467,33,32,14,155,96,
7890,6789,850,555,491,395,203,145,10015,467,195,85,56,33,32,14,155,96,
10015,7890,6789,850,555,491,467,395,203,195,145,85,56,33,32,14,155,96,
10015,7890,6789,850,555,491,467,395,203,195,155,145,96,85,56,33,32,14,
