4323,4221,443,7778,4825,28475,28676,43,1010,1344,
4323,52244,87,443,3457,4825,2957,28676,1010,17847,
775,4221,4323,52244,3457,3563,4825,28475,1010,1344,17847,
87,443,775,4221,4323,7778,52244,54334,1010,1344,17847,
43,87,99,443,775,2957,3457,3563,4221,4323,4825,7778,28475,28676,52244,54334,
395,491,6789,203,10015,85,467,33,155,
850,395,6789,145,10015,56,467,32,155,96,
850,555,491,395,10015,195,85,56,155,96,
7890,6789,850,555,491,395,203,145,155,96,
10015,7890,6789,850,555,491,467,395,203,195,145,85,56,33,32,14,
